0,1.275,0.05
1,1.275,0.05
2,1.275,0.05
3,1.275,0.05
4,1.275,0.05
5,1.275,0.05
6,1.275,0.05
7,1.275,0.05
8,1.275,0.05
9,1.275,0.05
10,1.275,0.05
11,1.275,0.05
12,1.275,0.05
13,1.275,0.05
14,1.275,0.05
15,1.275,0.05
16,1.275,0.05
17,1.275,0.05
18,1.275,0.05
19,1.275,0.05
20,1.275,0.05
21,1.275,0.05
22,1.275,0.05
23,1.275,0.05
24,1.275,0.05
25,1.275,0.05
26,1.275,0.05
27,1.2751,0.05
28,1.2751,0.05
29,1.2751,0.05
30,1.2751,0.05
31,1.2751,0.05
32,1.2751,0.05
33,1.2751,0.05
34,1.2751,0.05
35,1.2751,0.05
36,1.2751,0.05
37,1.2751,0.05
38,1.2751,0.05
39,1.2751,0.05
40,1.2751,0.05
41,1.2751,0.05
42,1.2751,0.05
43,1.2751,0.05
44,1.2751,0.05
45,1.2751,0.05
46,1.2751,0.05
47,1.2751,0.05
48,1.2751,0.05
49,1.2751,0.05
50,1.2751,0.05
51,1.2751,0.05
52,1.2751,0.05
53,1.2751,0.05
54,1.2751,0.05
55,1.2751,0.05
56,1.2752,0.05
57,1.2752,0.05
58,1.2752,0.05
59,1.2752,0.05
60,1.2752,0.05
61,1.2752,0.05
62,1.2752,0.05
63,1.2752,0.05
64,1.2752,0.05
65,1.2752,0.05
66,1.2752,0.05
67,1.2752,0.05
68,1.2752,0.05
69,1.2752,0.05
70,1.2752,0.05
71,1.2752,0.05
72,1.2752,0.05
73,1.2752,0.05
74,1.2752,0.05
75,1.2752,0.05
76,1.2752,0.05
77,1.2752,0.05
78,1.2752,0.05
79,1.2752,0.05
80,1.2752,0.05
81,1.2752,0.05
82,1.2752,0.05
83,1.2752,0.05
84,1.2752,0.05
85,1.2753,0.05
86,1.2753,0.05
87,1.2753,0.05
88,1.2753,0.05
89,1.2753,0.05
90,1.2753,0.05
91,1.2753,0.05
92,1.2753,0.05
93,1.2753,0.05
94,1.2753,0.05
95,1.2753,0.05
96,1.2753,0.05
97,1.2753,0.05
98,1.2753,0.05
99,1.2753,0.05
100,1.2753,0.065
101,1.2754,0.065
102,1.2759,0.065
103,1.2766,0.065
104,1.2775,0.065
105,1.2787,0.065
106,1.2802,0.065
107,1.2818,0.065
108,1.2837,0.065
109,1.2858,0.065
110,1.288,0.065
111,1.2905,0.065
112,1.2931,0.065
113,1.2959,0.065
114,1.2989,0.065
115,1.302,0.065
116,1.3052,0.065
117,1.3086,0.065
118,1.3121,0.065
119,1.3158,0.065
120,1.3195,0.065
121,1.3234,0.065
122,1.3274,0.065
123,1.3315,0.065
124,1.3356,0.065
125,1.3399,0.065
126,1.3442,0.065
127,1.3487,0.065
128,1.3532,0.065
129,1.3577,0.065
130,1.3624,0.065
131,1.3671,0.065
132,1.3718,0.065
133,1.3766,0.065
134,1.3815,0.065
135,1.3864,0.065
136,1.3914,0.065
137,1.3964,0.065
138,1.4014,0.065
139,1.4065,0.065
140,1.4116,0.065
141,1.4167,0.065
142,1.4218,0.065
143,1.427,0.065
144,1.4322,0.065
145,1.4374,0.065
146,1.4427,0.065
147,1.4479,0.065
148,1.4532,0.065
149,1.4584,0.065
150,1.4637,0.065
151,1.469,0.065
152,1.4743,0.065
153,1.4795,0.065
154,1.4848,0.065
155,1.4901,0.065
156,1.4954,0.065
157,1.5007,0.065
158,1.506,0.065
159,1.5112,0.065
160,1.5165,0.065
161,1.5217,0.065
162,1.527,0.065
163,1.5322,0.065
164,1.5374,0.065
165,1.5426,0.065
166,1.5478,0.065
167,1.553,0.065
168,1.5582,0.065
169,1.5633,0.065
170,1.5684,0.065
171,1.5736,0.065
172,1.5786,0.065
173,1.5837,0.065
174,1.5888,0.065
175,1.5938,0.065
176,1.5988,0.065
177,1.6038,0.065
178,1.6087,0.065
179,1.6137,0.065
180,1.6186,0.065
181,1.6235,0.065
182,1.6283,0.065
183,1.6331,0.065
184,1.638,0.065
185,1.6427,0.065
186,1.6475,0.065
187,1.6522,0.065
188,1.6569,0.065
189,1.6616,0.065
190,1.6662,0.065
191,1.6709,0.065
192,1.6754,0.065
193,1.68,0.065
194,1.6845,0.065
195,1.689,0.065
196,1.6935,0.065
197,1.6979,0.065
198,1.7024,0.065
199,1.7067,0.065
200,1.7111,0.065
201,1.7154,0.065
202,1.7197,0.065
203,1.724,0.065
204,1.7282,0.065
205,1.7324,0.065
206,1.7366,0.065
207,1.7407,0.065
208,1.7448,0.065
209,1.7489,0.065
210,1.7529,0.065
211,1.757,0.065
212,1.761,0.065
213,1.7649,0.065
214,1.7688,0.065
215,1.7727,0.065
216,1.7766,0.065
217,1.7804,0.065
218,1.7842,0.065
219,1.788,0.065
220,1.7917,0.065
221,1.7955,0.065
222,1.7991,0.065
223,1.8028,0.065
224,1.8064,0.065
225,1.81,0.065
226,1.8136,0.065
227,1.8171,0.065
228,1.8206,0.065
229,1.8241,0.065
230,1.8275,0.065
231,1.8309,0.065
232,1.8343,0.065
233,1.8377,0.065
234,1.841,0.065
235,1.8443,0.065
236,1.8476,0.065
237,1.8508,0.065
238,1.854,0.065
239,1.8572,0.065
240,1.8603,0.065
241,1.8635,0.065
242,1.8666,0.065
243,1.8696,0.065
244,1.8727,0.065
245,1.8757,0.065
246,1.8787,0.065
247,1.8816,0.065
248,1.8846,0.065
249,1.8875,0.065
250,1.8904,0.065
251,1.8932,0.065
252,1.896,0.065
253,1.8988,0.065
254,1.9016,0.065
255,1.9044,0.065
256,1.9071,0.065
257,1.9098,0.065
258,1.9124,0.065
259,1.9151,0.065
260,1.9177,0.065
261,1.9203,0.065
262,1.9229,0.065
263,1.9254,0.065
264,1.9279,0.065
265,1.9304,0.065
266,1.9329,0.065
267,1.9353,0.065
268,1.9378,0.065
269,1.9402,0.065
270,1.9425,0.065
271,1.9449,0.065
272,1.9472,0.065
273,1.9495,0.065
274,1.9518,0.065
275,1.9541,0.065
276,1.9563,0.065
277,1.9585,0.065
278,1.9607,0.065
279,1.9629,0.065
280,1.9651,0.065
281,1.9672,0.065
282,1.9693,0.065
283,1.9714,0.065
284,1.9734,0.065
285,1.9755,0.065
286,1.9775,0.065
287,1.9795,0.065
288,1.9815,0.065
289,1.9835,0.065
290,1.9854,0.065
291,1.9873,0.065
292,1.9892,0.065
293,1.9911,0.065
294,1.993,0.065
295,1.9948,0.065
296,1.9967,0.065
297,1.9985,0.065
298,2.0002,0.065
299,2.002,0.065
300,2.0038,0.065
301,2.0055,0.065
302,2.0072,0.065
303,2.0089,0.065
304,2.0106,0.065
305,2.0123,0.065
306,2.0139,0.065
307,2.0155,0.065
308,2.0171,0.065
309,2.0187,0.065
310,2.0203,0.065
311,2.0219,0.065
312,2.0234,0.065
313,2.0249,0.065
314,2.0264,0.065
315,2.0279,0.065
316,2.0294,0.065
317,2.0309,0.065
318,2.0323,0.065
319,2.0337,0.065
320,2.0352,0.065
321,2.0366,0.065
322,2.0379,0.065
323,2.0393,0.065
324,2.0407,0.065
325,2.042,0.065
326,2.0433,0.065
327,2.0446,0.065
328,2.0459,0.065
329,2.0472,0.065
330,2.0485,0.065
331,2.0498,0.065
332,2.051,0.065
333,2.0522,0.065
334,2.0534,0.065
335,2.0546,0.065
336,2.0558,0.065
337,2.057,0.065
338,2.0582,0.065
339,2.0593,0.065
340,2.0604,0.065
341,2.0616,0.065
342,2.0627,0.065
343,2.0638,0.065
344,2.0649,0.065
345,2.0659,0.065
346,2.067,0.065
347,2.0681,0.065
348,2.0691,0.065
349,2.0701,0.065
350,2.0711,0.065
351,2.0721,0.065
352,2.0731,0.065
353,2.0741,0.065
354,2.0751,0.065
355,2.076,0.065
356,2.077,0.065
357,2.0779,0.065
358,2.0789,0.065
359,2.0798,0.065
360,2.0807,0.065
361,2.0816,0.065
362,2.0825,0.065
363,2.0834,0.065
364,2.0842,0.065
365,2.0851,0.065
366,2.0859,0.065
367,2.0868,0.065
368,2.0876,0.065
369,2.0884,0.065
370,2.0892,0.065
371,2.09,0.065
372,2.0908,0.065
373,2.0916,0.065
374,2.0924,0.065
375,2.0931,0.065
376,2.0939,0.065
377,2.0946,0.065
378,2.0954,0.065
379,2.0961,0.065
380,2.0968,0.065
381,2.0975,0.065
382,2.0982,0.065
383,2.0989,0.065
384,2.0996,0.065
385,2.1003,0.065
386,2.101,0.065
387,2.1016,0.065
388,2.1023,0.065
389,2.103,0.065
390,2.1036,0.065
391,2.1042,0.065
392,2.1049,0.065
393,2.1055,0.065
394,2.1061,0.065
395,2.1067,0.065
396,2.1073,0.065
397,2.1079,0.065
398,2.1085,0.065
399,2.109,0.065
400,2.1096,0.065
401,2.1102,0.065
402,2.1107,0.065
403,2.1113,0.065
404,2.1118,0.065
405,2.1124,0.065
406,2.1129,0.065
407,2.1134,0.065
408,2.114,0.065
409,2.1145,0.065
410,2.115,0.065
411,2.1155,0.065
412,2.116,0.065
413,2.1165,0.065
414,2.1169,0.065
415,2.1174,0.065
416,2.1179,0.065
417,2.1184,0.065
418,2.1188,0.065
419,2.1193,0.065
420,2.1197,0.065
421,2.1202,0.065
422,2.1206,0.065
423,2.121,0.065
424,2.1215,0.065
425,2.1219,0.065
426,2.1223,0.065
427,2.1227,0.065
428,2.1231,0.065
429,2.1235,0.065
430,2.1239,0.065
431,2.1243,0.065
432,2.1247,0.065
433,2.1251,0.065
434,2.1255,0.065
435,2.1259,0.065
436,2.1262,0.065
437,2.1266,0.065
438,2.127,0.065
439,2.1273,0.065
440,2.1277,0.065
441,2.128,0.065
442,2.1284,0.065
443,2.1287,0.065
444,2.1291,0.065
445,2.1294,0.065
446,2.1297,0.065
447,2.13,0.065
448,2.1304,0.065
449,2.1307,0.065
450,2.131,0.065
451,2.1313,0.065
452,2.1316,0.065
453,2.1319,0.065
454,2.1322,0.065
455,2.1325,0.065
456,2.1328,0.065
457,2.1331,0.065
458,2.1334,0.065
459,2.1336,0.065
460,2.1339,0.065
461,2.1342,0.065
462,2.1345,0.065
463,2.1347,0.065
464,2.135,0.065
465,2.1353,0.065
466,2.1355,0.065
467,2.1358,0.065
468,2.136,0.065
469,2.1363,0.065
470,2.1365,0.065
471,2.1368,0.065
472,2.137,0.065
473,2.1372,0.065
474,2.1375,0.065
475,2.1377,0.065
476,2.1379,0.065
477,2.1381,0.065
478,2.1384,0.065
479,2.1386,0.065
480,2.1388,0.065
481,2.139,0.065
482,2.1392,0.065
483,2.1394,0.065
484,2.1396,0.065
485,2.1398,0.065
486,2.14,0.065
487,2.1402,0.065
488,2.1404,0.065
489,2.1406,0.065
490,2.1408,0.065
491,2.141,0.065
492,2.1412,0.065
493,2.1414,0.065
494,2.1416,0.065
495,2.1417,0.065
496,2.1419,0.065
497,2.1421,0.065
498,2.1423,0.065
499,2.1424,0.065
500,2.1426,0.065
501,2.1428,0.065
502,2.1429,0.065
503,2.1431,0.065
504,2.1433,0.065
505,2.1434,0.065
506,2.1436,0.065
507,2.1437,0.065
508,2.1439,0.065
509,2.144,0.065
510,2.1442,0.065
511,2.1443,0.065
512,2.1445,0.065
513,2.1446,0.065
514,2.1448,0.065
515,2.1449,0.065
516,2.145,0.065
517,2.1452,0.065
518,2.1453,0.065
519,2.1454,0.065
520,2.1456,0.065
521,2.1457,0.065
522,2.1458,0.065
523,2.146,0.065
524,2.1461,0.065
525,2.1462,0.065
526,2.1463,0.065
527,2.1465,0.065
528,2.1466,0.065
529,2.1467,0.065
530,2.1468,0.065
531,2.1469,0.065
532,2.147,0.065
533,2.1471,0.065
534,2.1472,0.065
535,2.1474,0.065
536,2.1475,0.065
537,2.1476,0.065
538,2.1477,0.065
539,2.1478,0.065
540,2.1479,0.065
541,2.148,0.065
542,2.1481,0.065
543,2.1482,0.065
544,2.1483,0.065
545,2.1484,0.065
546,2.1485,0.065
547,2.1486,0.065
548,2.1486,0.065
549,2.1487,0.065
550,2.1488,0.065
551,2.1489,0.065
552,2.149,0.065
553,2.1491,0.065
554,2.1492,0.065
555,2.1493,0.065
556,2.1493,0.065
557,2.1494,0.065
558,2.1495,0.065
559,2.1496,0.065
560,2.1497,0.065
561,2.1497,0.065
562,2.1498,0.065
563,2.1499,0.065
564,2.15,0.065
565,2.15,0.065
566,2.1501,0.065
567,2.1502,0.065
568,2.1503,0.065
569,2.1503,0.065
570,2.1504,0.065
571,2.1505,0.065
572,2.1505,0.065
573,2.1506,0.065
574,2.1507,0.065
575,2.1507,0.065
576,2.1508,0.065
577,2.1509,0.065
578,2.1509,0.065
579,2.151,0.065
580,2.151,0.065
581,2.1511,0.065
582,2.1512,0.065
583,2.1512,0.065
584,2.1513,0.065
585,2.1513,0.065
586,2.1514,0.065
587,2.1514,0.065
588,2.1515,0.065
589,2.1516,0.065
590,2.1516,0.065
591,2.1517,0.065
592,2.1517,0.065
593,2.1518,0.065
594,2.1518,0.065
595,2.1519,0.065
596,2.1519,0.065
597,2.152,0.065
598,2.152,0.065
599,2.1521,0.065
600,2.1521,0.065
